
teste10.txt
5,6 7,8

teste10.txt
1,1 6,1
1,1 8,8
6,1 2,5
7,3 3,7

teste10.txt
5,6 7,8

teste10.txt
1,1 7,7
5,2 8,5

teste10.txt
1,1 7,7
2,5 5,8

teste10.txt
2,1 5,4
7,2 5,4
5,4 6,5
6,5 4,7
3,6 4,7

teste10.txt
2,1 5,4
5,4 3,6
3,6 4,7

teste10.txt
6,2 4,4
1,3 5,7
4,4 8,8
7,5 5,7

teste10.txt
5,1 5,7
5,1 7,3

teste15.txt
-1910667999,21962 -1910564342,21962
-1910564342,21962 -1910741789,21962
-1910741789,21962 -1910668556,21962
-1910668556,21962 -1910668534,21962
-2073977568,32732 -2073977600,32732

teste22.txt
6,3 5,4
3,5 2,6

teste23.txt
1,3 4,6
3,4 6,7
5,5 4,6

teste24.txt
6,4 6,6
4,1 3,2
7,3 6,4

teste25.txt
5,1 3,3
2,2 3,3
3,3 4,4
4,4 1,7
8,5 7,6

teste26.txt
8,1 3,6
6,2 5,3
1,4 2,5
2,5 3,6
3,6 4,7

teste27.txt
1,1 2,1
2,1 3,1
3,1 4,1
4,1 5,1
5,1 6,1
6,1 7,1
7,1 8,1

